date,symbol,reportedCurrency,cik,fillingDate,acceptedDate,calendarYear,period,revenue,costOfRevenue,grossProfit,grossProfitRatio,researchAndDevelopmentExpenses,generalAndAdministrativeExpenses,sellingAndMarketingExpenses,sellingGeneralAndAdministrativeExpenses,otherExpenses,operatingExpenses,costAndExpenses,interestIncome,interestExpense,depreciationAndAmortization,ebitda,ebitdaratio,operatingIncome,operatingIncomeRatio,totalOtherIncomeExpensesNet,incomeBeforeTax,incomeBeforeTaxRatio,incomeTaxExpense,netIncome,netIncomeRatio,eps,epsdiluted,weightedAverageShsOut,weightedAverageShsOutDil,link,finalLink,totalAssets,totalEquity,sector,industry,exchangeShortName,ipoDate
1995-03-31,ADP,USD,0000008670,1995-05-11,1995-05-11 00:00:00,1995,Q3,799000000,309600000,489400000,0.6125156446,48100000,224100000,0,224100000,42100000,314300000,623900000,0,0,42100000,217200000,0.2718397997,175100000,0.2191489362,-6000000,169100000,0.2116395494,43800000,125300000,0.1568210263,0.22,0.22,569545455,569545455,https://www.sec.gov/Archives/edgar/data/8670/000000867095000004/0000008670-95-000004-index.html,https://www.sec.gov/Archives/edgar/data/8670/,3080200000,2019600000,Industrials,Staffing & Employment Services,NASDAQ,1980-03-17
1995-06-30,ADP,USD,0000008670,1995-09-21,1995-09-21 00:00:00,1995,Q4,799800000,346900000,452900000,0.5662665666,54300000,195200000,0,195200000,52900000,302400000,649300000,0,0,52900000,203400000,0.2543135784,150500000,0.188172043,-6000000,144500000,0.1806701675,38600000,105900000,0.132408102,0.19,0.19,546000000,546000000,https://www.sec.gov/Archives/edgar/data/8670/000091205795007958/0000912057-95-007958-index.html,https://www.sec.gov/Archives/edgar/data/8670/,3201100000,2096600000,Industrials,Staffing & Employment Services,NASDAQ,1980-03-17
1995-09-30,ADP,USD,0000008670,1995-11-14,1995-11-14 00:00:00,1996,Q1,747100000,316800000,430300000,0.5759603801,54200000,215000000,0,215000000,44500000,313700000,630500000,0,0,44500000,161100000,0.215633784,116600000,0.1560701379,-5800000,110800000,0.1483067862,28900000,81900000,0.109623879,0.15,0.15,546000000,546000000,https://www.sec.gov/Archives/edgar/data/8670/000000867095000015/0000008670-95-000015-index.html,https://www.sec.gov/Archives/edgar/data/8670/,3275400000,2131500000,Industrials,Staffing & Employment Services,NASDAQ,1980-03-17
1995-12-31,ADP,USD,0000008670,1996-02-13,1996-02-13 00:00:00,1996,Q2,819700000,342700000,477000000,0.5819202147,58900000,210300000,0,210300000,48600000,317800000,660500000,0,0,48600000,207800000,0.2535073807,159200000,0.1942173966,-8600000,150600000,0.1837257533,41700000,108900000,0.132853483,0.19,0.19,573157895,573157895,https://www.sec.gov/Archives/edgar/data/8670/000000867096000002/0000008670-96-000002-index.html,https://www.sec.gov/Archives/edgar/data/8670/,3727500000,2249200000,Industrials,Staffing & Employment Services,NASDAQ,1980-03-17
1996-03-31,ADP,USD,0000008670,1996-05-10,1996-05-10 00:00:00,1996,Q3,1031900000,428400000,603500000,0.5848434926,63800000,276700000,0,276700000,55300000,395800000,824200000,0,0,55300000,263000000,0.2548696579,207700000,0.2012791937,-7800000,199900000,0.1937203217,56000000,143900000,0.1394514972,0.25,0.25,575600000,575600000,https://www.sec.gov/Archives/edgar/data/8670/000000867096000004/0000008670-96-000004-index.html,https://www.sec.gov/Archives/edgar/data/8670/,3946500000,2419900000,Industrials,Staffing & Employment Services,NASDAQ,1980-03-17
1996-06-30,ADP,USD,0000008670,1996-09-23,1996-09-23 00:00:00,1996,Q4,967900000,428600000,539300000,0.5571856597,72800000,231700000,0,231700000,53200000,357700000,786300000,0,0,53200000,234800000,0.2425870441,181600000,0.1876226883,-7500000,174100000,0.1798739539,54100000,120000000,0.12397975,0.21,0.21,571071584,583125000,https://www.sec.gov/Archives/edgar/data/8670/000095011296003416/0000950112-96-003416-index.html,https://www.sec.gov/Archives/edgar/data/8670/,3839900000,2315300000,Industrials,Staffing & Employment Services,NASDAQ,1980-03-17
1996-09-30,ADP,USD,0000008670,1996-11-13,1996-11-13 00:00:00,1997,Q1,910700000,391500000,519200000,0.5701109037,66100000,260800000,0,260800000,53100000,380000000,771500000,0,0,53100000,192300000,0.2111562534,139200000,0.1528494565,-7100000,132100000,0.1450532557,38800000,93300000,0.1024486659,0.16,0.16,583125000,583125000,https://www.sec.gov/Archives/edgar/data/8670/000000867096000006/0000008670-96-000006-index.html,https://www.sec.gov/Archives/edgar/data/8670/,3970900000,2370500000,Industrials,Staffing & Employment Services,NASDAQ,1980-03-17
1996-12-31,ADP,USD,0000008670,1997-02-14,1997-02-14 00:00:00,1997,Q2,995600000,418000000,577600000,0.5801526718,73100000,261500000,0,261500000,55300000,389900000,807900000,0,0,55300000,243000000,0.2440739253,187700000,0.1885295299,-7000000,180700000,0.1814985938,53100000,127600000,0.1281639213,0.22,0.22,580000000,580000000,https://www.sec.gov/Archives/edgar/data/8670/000000867097000002/0000008670-97-000002-index.html,https://www.sec.gov/Archives/edgar/data/8670/,4123800000,2526600000,Industrials,Staffing & Employment Services,NASDAQ,1980-03-17
1997-03-31,ADP,USD,0000008670,1997-05-14,1997-05-14 00:00:00,1997,Q3,1126300000,440300000,686000000,0.609073959,74800000,308100000,0,308100000,59200000,442100000,882400000,0,0,59100000,303100000,0.2691112492,243900000,0.2165497647,-7300000,236600000,0.2100683654,71700000,164900000,0.1464085945,0.28,0.28,588928571,588928571,https://www.sec.gov/Archives/edgar/data/8670/000091205797017567/0000912057-97-017567-index.html,https://www.sec.gov/Archives/edgar/data/8670/,4283300000,2583900000,Industrials,Staffing & Employment Services,NASDAQ,1980-03-17
1997-06-30,ADP,USD,0000008670,1997-09-18,1997-09-18 00:00:00,1997,Q4,1079600000,473100000,606500000,0.5617821415,82500000,257700000,0,257700000,55900000,396100000,869200000,0,0,55900000,266300000,0.2466654316,210400000,0.1948869952,-35900000,174500000,0.1616339385,46800000,127700000,0.1182845498,0.22,0.22,585555556,585555556,https://www.sec.gov/Archives/edgar/data/8670/000091205797031091/0000912057-97-031091-index.html,https://www.sec.gov/Archives/edgar/data/8670/,4382800000,2660600000,Industrials,Staffing & Employment Services,NASDAQ,1980-03-17
1997-09-30,ADP,USD,0000008670,1997-11-12,1997-11-12 00:00:00,1998,Q1,1038500000,443400000,595100000,0.5730380356,87300000,289400000,0,289400000,57400000,434100000,877500000,0,0,57400000,218400000,0.2103033221,161000000,0.1550312951,-7600000,153400000,0.1477130477,48000000,105400000,0.1014925373,0.18,0.18,585555556,585555556,https://www.sec.gov/Archives/edgar/data/8670/000104746997003744/0001047469-97-003744-index.html,https://www.sec.gov/Archives/edgar/data/8670/,4536100000,2698500000,Industrials,Staffing & Employment Services,NASDAQ,1980-03-17
1997-12-31,ADP,USD,0000008670,1998-02-11,1998-02-11 00:00:00,1998,Q2,1148000000,490200000,657800000,0.5729965157,91400000,286400000,0,286400000,58100000,435900000,926100000,0,0,58200000,280100000,0.243989547,221900000,0.1932926829,-7300000,214600000,0.1869337979,67200000,147400000,0.1283972125,0.25,0.24,589600000,614166667,https://www.sec.gov/Archives/edgar/data/8670/000104746998004945/0001047469-98-004945-index.html,https://www.sec.gov/Archives/edgar/data/8670/,4695000000,3033200000,Industrials,Staffing & Employment Services,NASDAQ,1980-03-17
1998-03-31,ADP,USD,0000008670,1998-05-13,1998-05-13 00:00:00,1998,Q3,1309300000,536000000,773300000,0.5906209425,93600000,334500000,0,334500000,61500000,489600000,1025600000,0,0,61500000,350100000,0.2673947911,283700000,0.2166806691,-4800000,279100000,0.2131673413,88500000,190600000,0.1455739708,0.32,0.31,600000000,619354839,https://www.sec.gov/Archives/edgar/data/8670/000100547798001550/0001005477-98-001550-index.html,https://www.sec.gov/Archives/edgar/data/8670/,4948600000,3242200000,Industrials,Staffing & Employment Services,NASDAQ,1980-03-17
1998-06-30,ADP,USD,0000008670,1998-09-23,1998-09-23 00:00:00,1998,Q4,1302200000,593500000,708700000,0.5442328367,102900000,296400000,0,296400000,67500000,466800000,1060300000,0,0,67500000,309400000,0.2375979112,241900000,0.1857625557,-4700000,237200000,0.1821532791,75300000,161900000,0.1243280602,0.28,0.26,586666667,616000000,https://www.sec.gov/Archives/edgar/data/8670/000104746998035178/0001047469-98-035178-index.html,https://www.sec.gov/Archives/edgar/data/8670/,5175400000,3406500000,Industrials,Staffing & Employment Services,NASDAQ,1980-03-17
1998-09-30,ADP,USD,0000008670,1998-11-12,1998-11-12 00:00:00,1999,Q1,1210300000,529900000,680400000,0.5621746674,100700000,323000000,0,323000000,68900000,492600000,1022500000,0,0,68900000,261100000,0.2157316368,187800000,0.1551681401,-5600000,182300000,0.1506238123,59100000,123200000,0.1017929439,0.2,0.2,627000000,627000000,https://www.sec.gov/Archives/edgar/data/8670/000100547798003100/0001005477-98-003100-index.html,https://www.sec.gov/Archives/edgar/data/8670/,5400600000,3545400000,Industrials,Staffing & Employment Services,NASDAQ,1980-03-17
1998-12-31,ADP,USD,0000008670,1999-02-10,1999-02-10 00:00:00,1999,Q2,1274900000,535600000,739300000,0.5798886187,105400000,284400000,0,284400000,68000000,457800000,993400000,0,0,68000000,328900000,0.2579810181,281500000,0.2208016315,-5600000,275900000,0.2164091301,107500000,168400000,0.1320887913,0.25,0.24,616000000,641666667,https://www.sec.gov/Archives/edgar/data/8670/000104746999004288/0001047469-99-004288-index.html,https://www.sec.gov/Archives/edgar/data/8670/,5299200000,3722400000,Industrials,Staffing & Employment Services,NASDAQ,1980-03-17
1999-03-31,ADP,USD,0000008670,1999-05-11,1999-05-11 00:00:00,1999,Q3,1514100000,611200000,902900000,0.5963278515,102500000,379500000,0,379500000,65400000,547400000,1158600000,0,0,67000000,420900000,0.2779869229,355500000,0.2347929463,-3800000,351700000,0.2322832045,126000000,225700000,0.1490654514,0.37,0.36,617364000,637102000,https://www.sec.gov/Archives/edgar/data/8670/000100547799002209/0001005477-99-002209-index.html,https://www.sec.gov/Archives/edgar/data/8670/,5764900000,3911000000,Industrials,Staffing & Employment Services,NASDAQ,1980-03-17
1999-06-30,ADP,USD,0000008670,1999-09-21,1999-09-21 00:00:00,1999,Q4,1470600000,650900000,819700000,0.5573915409,103100000,351400000,0,351400000,68900000,523400000,1174300000,0,0,68900000,365200000,0.2483340133,296300000,0.2014823881,-3700000,292600000,0.1989664083,100900000,191700000,0.1303549572,0.3,0.3,620739000,635652174,https://www.sec.gov/Archives/edgar/data/8670/000104746999036331/0001047469-99-036331-index.html,https://www.sec.gov/Archives/edgar/data/8670/000104746999036331/,5824800000,4007900000,Industrials,Staffing & Employment Services,NASDAQ,1980-03-17
1999-09-30,ADP,USD,0000008670,1999-11-05,1999-11-05 00:00:00,2000,Q1,1351100000,551100000,800000000,0.5921101325,103700000,405000000,0,405000000,65600000,574300000,1125400000,0,0,65600000,291300000,0.215602102,225700000,0.1670490711,-3500000,222200000,0.1644585893,76000000,146200000,0.1082081267,0.23,0.23,624392000,642820000,https://www.sec.gov/Archives/edgar/data/8670/000000867099000011/0000008670-99-000011-index.html,https://www.sec.gov/Archives/edgar/data/8670/000000867099000011/,5946700000,4094300000,Industrials,Staffing & Employment Services,NASDAQ,1980-03-17
1999-12-31,ADP,USD,0000008670,2000-02-08,2000-02-08 00:00:00,2000,Q2,1492500000,613800000,878700000,0.5887437186,109200000,395100000,0,395100000,67500000,571800000,1185600000,0,0,67600000,374500000,0.250921273,306900000,0.2056281407,-3700000,303200000,0.2031490787,103700000,199500000,0.1336683417,0.32,0.31,625665000,645658000,https://www.sec.gov/Archives/edgar/data/8670/000000867000000006/0000008670-00-000006-index.html,https://www.sec.gov/Archives/edgar/data/8670/000000867000000006/,6132800000,4322500000,Industrials,Staffing & Employment Services,NASDAQ,1980-03-17
2000-03-31,ADP,USD,0000008670,2000-05-08,2000-05-08 00:00:00,2000,Q3,1719730000,661935000,1057795000,0.6150936484,119747000,446931000,0,446931000,72851000,639529000,1301464000,0,0,72832000,491117000,0.2855779686,418266000,0.2432160862,-2816000,415450000,0.2415786199,144140000,271310000,0.1577631372,0.43,0.42,630953488,645976190,https://www.sec.gov/Archives/edgar/data/8670/000000867000000009/0000008670-00-000009-index.html,https://www.sec.gov/Archives/edgar/data/8670/000000867000000009/,6202992000,4344568000,Industrials,Staffing & Employment Services,NASDAQ,1980-03-17
2000-06-30,ADP,USD,0000008670,2000-09-12,2000-09-12 00:00:00,2000,Q4,1375605000,737694000,637911000,0.463731231,127648000,396343000,0,396343000,78250000,602241000,1339935000,0,0,78250000,113920000,0.0828144707,35670000,0.0259304088,313090000,348760000,0.2535320822,124970000,223790000,0.1626847823,0.36,0.35,619285714,642222222,https://www.sec.gov/Archives/edgar/data/8670/000000867000000026/0000008670-00-000026-index.htm,https://www.sec.gov/Archives/edgar/data/8670/000000867000000026/0000008670-00-000026-0001.txt,16850816000,4582818000,Industrials,Staffing & Employment Services,NASDAQ,1980-03-17
2000-09-30,ADP,USD,0000008670,2000-11-13,2000-11-13 00:00:00,2001,Q1,1470884000,659958000,810926000,0.5513187988,119074000,435435000,0,435435000,81544000,636053000,1296011000,0,0,81544000,329662000,0.224125084,174873000,0.1188897289,111737000,286610000,0.1948556106,113210000,173400000,0.1178882903,0.28,0.27,629991000,649096000,https://www.sec.gov/Archives/edgar/data/8670/000000867000500008/0000008670-00-500008-index.htm,https://www.sec.gov/Archives/edgar/data/8670/000000867000500008/september.txt,16681275000,4719901000,Industrials,Staffing & Employment Services,NASDAQ,1980-03-17
2000-12-31,ADP,USD,0000008670,2001-01-26,2001-01-26 00:00:00,2001,Q2,1553721000,677102000,876619000,0.5642061863,127503000,410627000,0,410627000,78524000,616654000,1293756000,0,0,78524000,424590000,0.2732730008,259965000,0.1673176844,82935000,342900000,0.2206959937,135460000,207440000,0.1335117437,0.33,0.32,632082000,651807000,https://www.sec.gov/Archives/edgar/data/8670/000000867001500006/0000008670-01-500006-index.htm,https://www.sec.gov/Archives/edgar/data/8670/000000867001500006/december.txt,21057479000,5073269000,Industrials,Staffing & Employment Services,NASDAQ,1980-03-17
2001-03-31,ADP,USD,0000008670,2001-05-04,2001-05-04 00:00:00,2001,Q3,1894320000,754300000,1140020000,0.6018096203,126564000,418101000,0,418101000,79914000,624579000,1378879000,0,0,79914000,554800000,0.2928755437,515441000,0.2720981672,-40041000,475400000,0.2509607669,186520000,288880000,0.152497994,0.46,0.45,629905000,645674000,https://www.sec.gov/Archives/edgar/data/8670/000000867001500009/0000008670-01-500009-index.htm,https://www.sec.gov/Archives/edgar/data/8670/000000867001500009/exhibit10q.txt,19841183000,4634449000,Industrials,Staffing & Employment Services,NASDAQ,1980-03-17
2001-06-30,ADP,USD,0000008670,2001-09-14,2001-09-14 00:00:00,2001,Q4,1853088000,808764000,1044324000,0.5635587732,141138000,401285000,0,401285000,80874000,623297000,1432061000,0,0,80874000,501901000,0.270845745,421027000,0.2272029175,-927000,420100000,0.2267026714,165100000,255000000,0.1376081438,0.41,0.4,616600200,634193548,https://www.sec.gov/Archives/edgar/data/8670/000000867001500017/0000008670-01-500017-index.htm,https://www.sec.gov/Archives/edgar/data/8670/000000867001500017/form10k405.txt,17889090000,4700997000,Industrials,Staffing & Employment Services,NASDAQ,1980-03-17
2001-09-30,ADP,USD,0000008670,2001-11-07,2001-11-07 00:00:00,2002,Q1,1607883000,676352000,931531000,0.5793524778,115829000,456561000,0,456561000,69463000,641853000,1318205000,0,0,69463000,359141000,0.2233626452,289678000,0.1801611187,30522000,320200000,0.1991438432,123600000,196600000,0.1222725783,0.32,0.31,620561000,632576000,https://www.sec.gov/Archives/edgar/data/8670/000000867001500023/0000008670-01-500023-index.htm,https://www.sec.gov/Archives/edgar/data/8670/000000867001500023/septembe.txt,16664067000,4570180000,Industrials,Staffing & Employment Services,NASDAQ,1980-03-17
2001-12-31,ADP,USD,0000008670,2002-01-31,2002-01-31 00:00:00,2002,Q2,1681028000,691970000,989058000,0.5883649767,117540000,393558000,0,393558000,68449000,579547000,1271517000,0,0,68449000,477960000,0.2843260196,409511000,0.243607483,20389000,429900000,0.2557363708,165300000,264600000,0.1574036839,0.43,0.42,620272000,630000000,https://www.sec.gov/Archives/edgar/data/8670/000000867002000002/0000008670-02-000002-index.htm,https://www.sec.gov/Archives/edgar/data/8670/000000867002000002/decembr.txt,17621282000,4867069000,Industrials,Staffing & Employment Services,NASDAQ,1980-03-17
2002-03-31,ADP,USD,0000008670,2002-05-06,2002-05-06 10:41:37,2002,Q3,1870036000,772492000,1097544000,0.5869106263,116387000,369217000,0,369217000,73203000,558807000,1331299000,0,0,73203000,611940000,0.327234342,538737000,0.2880891063,33113000,571850000,0.3057962521,219590000,352260000,0.1883707052,0.57,0.56,618000000,629035714,https://www.sec.gov/Archives/edgar/data/8670/000000867002000005/0000008670-02-000005-index.htm,https://www.sec.gov/Archives/edgar/data/8670/000000867002000005/marchq.txt,19228232000,4996981000,Industrials,Staffing & Employment Services,NASDAQ,1980-03-17
2002-06-30,ADP,USD,0000008670,2002-06-30,2002-06-29 20:00:00,2002,Q4,1845316000,829831000,1015485000,0.5503041214,125087000,387354000,0,387354000,67962000,580403000,1410234000,0,0,67962000,503044000,0.2726058843,435082000,0.2357764199,29938000,465020000,0.2520001994,177710000,287310000,0.1556969104,0.48,0.46,601142857,618823529,,,18276522000,5114205000,Industrials,Staffing & Employment Services,NASDAQ,1980-03-17
2002-09-30,ADP,USD,0000008670,2002-10-31,2002-10-31 12:50:14,2003,Q1,1646685000,708468000,938217000,0.5697610654,119898000,447953000,0,447953000,67684000,635535000,1344003000,0,0,67684000,370366000,0.2249161194,302682000,0.1838129333,37718000,340400000,0.2067183463,130000000,210400000,0.1277718568,0.35,0.34,601142857,618823529,https://www.sec.gov/Archives/edgar/data/8670/000000867002000019/0000008670-02-000019-index.htm,https://www.sec.gov/Archives/edgar/data/8670/000000867002000019/september.txt,15695995000,4748926000,Industrials,Staffing & Employment Services,NASDAQ,1980-03-17
2002-12-31,ADP,USD,0000008670,2003-01-31,2003-01-31 16:37:18,2003,Q2,1682995000,702716000,980279000,0.5824610293,121380000,402005000,0,402005000,68699000,592084000,1294800000,0,0,68699000,456894000,0.2714767424,388195000,0.2306572509,35255000,423450000,0.2516050256,161760000,261690000,0.155490658,0.44,0.43,594750000,608581395,https://www.sec.gov/Archives/edgar/data/8670/000000867003000051/0000008670-03-000051-index.htm,https://www.sec.gov/Archives/edgar/data/8670/000000867003000051/janaury.txt,19002943000,4979109000,Industrials,Staffing & Employment Services,NASDAQ,1980-03-17
2003-03-31,ADP,USD,0000008670,2003-05-02,2003-05-02 12:35:47,2003,Q3,1905778000,796580000,1109198000,0.5820184722,123401000,412793000,0,412793000,67503000,603697000,1400277000,0,0,67503000,573004000,0.3006667093,505501000,0.2652465292,27499000,533000000,0.2796758069,203610000,329390000,0.1728375498,0.55,0.54,600217000,605340000,https://www.sec.gov/Archives/edgar/data/8670/000000867003000082/0000008670-03-000082-index.htm,https://www.sec.gov/Archives/edgar/data/8670/000000867003000082/march.txt,20329399000,5227856000,Industrials,Staffing & Employment Services,NASDAQ,1980-03-17
2003-06-30,ADP,USD,0000008670,2003-06-30,2003-06-29 20:00:00,2003,Q4,1911559000,888955000,1022604000,0.5349581153,134513000,495602000,0,495602000,70796000,700911000,1589866000,0,0,70796000,392489000,0.2053240313,321693000,0.1682882924,26657000,348350000,0.1822334545,131680000,216670000,0.1133472731,0.36,0.36,594843000,600849000,,,19833671000,5371473000,Industrials,Staffing & Employment Services,NASDAQ,1980-03-17
2003-09-30,ADP,USD,0000008670,2003-11-05,2003-11-05 17:29:21,2004,Q1,1720277000,794241000,926036000,0.5383063309,131754000,426878000,0,426878000,74726000,633358000,1427599000,0,0,74726000,367404000,0.2135725816,292678000,0.1701342284,18592000,311270000,0.1809417902,116420000,194850000,0.1132666425,0.33,0.32,594843000,600849000,https://www.sec.gov/Archives/edgar/data/8670/000000867003000347/0000008670-03-000347-index.htm,https://www.sec.gov/Archives/edgar/data/8670/000000867003000347/form10q.txt,18714386000,5349633000,Industrials,Staffing & Employment Services,NASDAQ,1980-03-17
2003-12-31,ADP,USD,0000008670,2004-02-03,2004-02-03 15:14:06,2004,Q2,1827400000,810300000,1017100000,0.5565831236,133125000,459293000,0,459293000,73609000,666027000,1476327000,0,0,73609000,424682000,0.232396848,351073000,0.1921161213,14067000,365140000,0.1998139433,136560000,228580000,0.12508482,0.39,0.38,591685000,597624000,https://www.sec.gov/Archives/edgar/data/8670/000000867004000053/0000008670-04-000053-index.htm,https://www.sec.gov/Archives/edgar/data/8670/000000867004000053/decemberq.txt,24700123000,5374413000,Industrials,Staffing & Employment Services,NASDAQ,1980-03-17
2004-03-31,ADP,USD,0000008670,2004-05-10,2004-05-10 16:47:14,2004,Q3,2121435000,944373000,1177062000,0.5548423591,144824000,487410000,0,487410000,77185000,709419000,1653792000,0,0,77185000,544828000,0.2568205012,467643000,0.2204371098,11997000,479640000,0.2260922442,179390000,300250000,0.1415315576,0.51,0.5,591210000,599479000,https://www.sec.gov/Archives/edgar/data/8670/000000867004000085/0000008670-04-000085-index.htm,https://www.sec.gov/Archives/edgar/data/8670/000000867004000085/march10q.txt,25425481000,5624698000,Industrials,Staffing & Employment Services,NASDAQ,1980-03-17
2004-06-30,ADP,USD,0000008670,2004-06-30,2004-06-29 20:00:00,2004,Q4,2085830000,976499000,1109331000,0.5318415211,171462000,529775000,0,529775000,81252000,782489000,1758988000,0,0,81252000,408094000,0.1956506523,326842000,0.1566963751,11638000,338480000,0.1622759285,126590000,211890000,0.10158546,0.36,0.36,583551000,589952000,,,21120559000,5417670000,Industrials,Staffing & Employment Services,NASDAQ,1980-03-17
2004-09-30,ADP,USD,0000008670,2004-11-04,2004-11-04 17:02:30,2005,Q1,1854682000,867020000,987662000,0.5325236348,148724000,446158000,0,446158000,74421000,669303000,1536323000,0,0,107942000,426301000,0.2298512629,318359000,0.1716515284,12581000,330940000,0.1784349015,122779000,208161000,0.1122354129,0.36,0.35,583551000,589952000,https://www.sec.gov/Archives/edgar/data/8670/000000867004000192/0000008670-04-000192-index.htm,https://www.sec.gov/Archives/edgar/data/8670/000000867004000192/september.txt,23787478000,5413534000,Industrials,Staffing & Employment Services,NASDAQ,1980-03-17
2004-12-31,ADP,USD,0000008670,2005-02-08,2005-02-08 17:12:39,2005,Q2,1993584000,915719000,1077865000,0.5406669596,150070000,465363000,0,465363000,76161000,691594000,1607313000,0,0,107734000,494005000,0.2477974342,386271000,0.1937570727,11349000,397620000,0.1994498351,147517000,250103000,0.1254539563,0.43,0.42,583200000,591100000,https://www.sec.gov/Archives/edgar/data/8670/000000867005000098/0000008670-05-000098-index.htm,https://www.sec.gov/Archives/edgar/data/8670/000000867005000098/decemberq.txt,28189379000,5656523000,Industrials,Staffing & Employment Services,NASDAQ,1980-03-17
2005-03-31,ADP,USD,0000008670,2005-05-06,2005-05-06 17:10:20,2005,Q3,2348963000,1068073000,1280890000,0.5453002027,154362000,512886000,0,512886000,77757000,745005000,1813078000,0,0,106084000,589824000,0.2510997406,535885000,0.2281368417,2065000,537950000,0.229015953,199579000,338371000,0.144051226,0.58,0.57,584000000,590500000,https://www.sec.gov/Archives/edgar/data/8670/000000867005000118/0000008670-05-000118-index.htm,https://www.sec.gov/Archives/edgar/data/8670/000000867005000118/marchq.txt,32772727000,5769642000,Industrials,Staffing & Employment Services,NASDAQ,1980-03-17
2005-06-30,ADP,USD,0000008670,2005-06-30,2005-06-29 20:00:00,2005,Q4,2302471000,1118688000,1183783000,0.5141359001,170944000,532693000,0,532693000,76061000,779698000,1898386000,0,0,102640000,506725000,0.2200787762,404085000,0.1755005818,7305000,411390000,0.1786732602,152625000,258765000,0.1123857803,0.45,0.44,577300000,582800000,,,27615400000,5783800000,Industrials,Staffing & Employment Services,NASDAQ,1980-03-17
2005-09-30,ADP,USD,0000008670,2005-11-07,2005-11-07 17:01:27,2006,Q1,2046200000,973500000,1072700000,0.5242400547,159800000,485500000,0,485500000,77600000,722900000,1696400000,0,0,101900000,431600000,0.2109275731,349800000,0.1709510312,3300000,353100000,0.1725637768,133100000,220000000,0.1075163718,0.38,0.38,577300000,582800000,https://www.sec.gov/Archives/edgar/data/8670/000000867005000244/0000008670-05-000244-index.htm,https://www.sec.gov/Archives/edgar/data/8670/000000867005000244/oct10q.txt,24826400000,5728700000,Industrials,Staffing & Employment Services,NASDAQ,1980-03-17
2005-12-31,ADP,USD,0000008670,2006-02-07,2006-02-06 17:37:44,2006,Q2,2153200000,992200000,1161000000,0.5391974735,163700000,489000000,0,489000000,79400000,732100000,1724300000,0,0,99800000,489700000,0.227428943,428900000,0.1991919004,165300000,438400000,0.2036039383,165300000,259700000,0.1206111834,0.45,0.45,576200000,582300000,https://www.sec.gov/Archives/edgar/data/8670/000000867006000083/0000008670-06-000083-index.htm,https://www.sec.gov/Archives/edgar/data/8670/000000867006000083/dec10q.htm,29643200000,5855900000,Industrials,Staffing & Employment Services,NASDAQ,1980-03-17
2006-03-31,ADP,USD,0000008670,2006-05-10,2006-05-10 16:24:10,2006,Q3,2438600000,1148500000,1290100000,0.5290330518,146600000,517300000,0,517300000,70900000,734800000,1883300000,0,0,72600000,543000000,0.2226687444,555300000,0.227712622,215900000,571400000,0.2343147708,215900000,370600000,0.1519724432,0.64,0.64,577500000,582800000,https://www.sec.gov/Archives/edgar/data/8670/000000867006000104/0000008670-06-000104-index.htm,https://www.sec.gov/Archives/edgar/data/8670/000000867006000104/march10q.htm,32643200000,6043800000,Industrials,Staffing & Employment Services,NASDAQ,1980-03-17
2006-06-30,ADP,USD,0000008670,2006-08-30,2006-08-30 15:13:49,2006,Q4,2473800000,1253200000,1220600000,0.4934109467,155300000,602600000,0,602600000,75100000,833000000,2086200000,0,0,89700000,477300000,0.1929420325,387600000,0.1566820276,37000000,424600000,0.1716387744,171500000,703700000,0.2844611529,1.27,1.26,554200000,559500000,https://www.sec.gov/Archives/edgar/data/8670/000120677406001911/0001206774-06-001911-index.htm,https://www.sec.gov/Archives/edgar/data/8670/000120677406001911/adp_10k1.htm,27490100000,6011600000,Industrials,Staffing & Employment Services,NASDAQ,1980-03-17
2006-09-30,ADP,USD,0000008670,2006-11-09,2006-11-09 14:05:56,2007,Q1,2217600000,1111900000,1105700000,0.4986020924,137600000,528400000,0,528400000,81800000,747800000,1859700000,0,0,93000000,373900000,0.1686056999,357900000,0.1613906926,155200000,412700000,0.1861020924,155200000,257500000,0.1161165224,0.46,0.46,554200000,559500000,https://www.sec.gov/Archives/edgar/data/8670/000000867006000268/0000008670-06-000268-index.htm,https://www.sec.gov/Archives/edgar/data/8670/000000867006000268/septq07.htm,26209300000,5847900000,Industrials,Staffing & Employment Services,NASDAQ,1980-03-17
2006-12-31,ADP,USD,0000008670,2007-02-09,2007-02-09 13:25:44,2007,Q2,2316100000,1110400000,1205700000,0.5205733777,145100000,564300000,0,564300000,62200000,771600000,1882000000,0,0,96700000,457100000,0.197357627,434100000,0.1874271405,170700000,453700000,0.1958896421,170700000,297700000,0.1285350373,0.54,0.54,548500000,555300000,https://www.sec.gov/Archives/edgar/data/8670/000000867007000103/0000008670-07-000103-index.htm,https://www.sec.gov/Archives/edgar/data/8670/000000867007000103/decq07v3.htm,31612200000,5906500000,Industrials,Staffing & Employment Services,NASDAQ,1980-03-17
2007-03-31,ADP,USD,0000008670,2007-05-09,2007-05-09 17:01:09,2007,Q3,2189300000,899400000,1289900000,0.5891837574,122200000,554100000,0,554100000,54000000,730300000,1629700000,0,7000000,56000000,649600000,0.2967158452,559600000,0.255606815,213500000,577800000,0.2639199744,213500000,388900000,0.1776366875,0.7,0.7,552100000,558700000,https://www.sec.gov/Archives/edgar/data/8670/000115752307004891/0001157523-07-004891-index.htm,https://www.sec.gov/Archives/edgar/data/8670/000115752307004891/a5398369.htm,32922900000,5988700000,Industrials,Staffing & Employment Services,NASDAQ,1980-03-17
2007-06-30,ADP,USD,0000008670,2007-08-29,2007-08-29 16:35:15,2007,Q4,1945700000,855500000,1090200000,0.5603124839,130400000,635700000,0,635700000,53100000,819200000,1674700000,0,87900000,83600000,354600000,0.1822480341,271000000,0.1392814925,16400000,287400000,0.1477103356,106600000,194700000,0.100066814,0.37,0.36,529300000,536200000,https://www.sec.gov/Archives/edgar/data/8670/000120677407002085/0001206774-07-002085-index.htm,https://www.sec.gov/Archives/edgar/data/8670/000120677407002085/adp_10-k.htm,26648900000,5147900000,Industrials,Staffing & Employment Services,NASDAQ,1980-03-17
2007-09-30,ADP,USD,0000008670,2007-11-09,2007-11-09 14:58:50,2008,Q1,1992000000,908300000,1083700000,0.5440261044,124400000,533600000,0,533600000,59400000,717400000,1625700000,0,29400000,83400000,449700000,0.225753012,366300000,0.1838855422,141100000,381500000,0.1915160643,141100000,297400000,0.1492971888,0.56,0.55,529300000,536200000,https://www.sec.gov/Archives/edgar/data/8670/000000867007000251/0000008670-07-000251-index.htm,https://www.sec.gov/Archives/edgar/data/8670/000000867007000251/sept10q.htm,25703300000,4997900000,Industrials,Staffing & Employment Services,NASDAQ,1980-03-17
2007-12-31,ADP,USD,0000008670,2008-02-11,2008-02-11 12:52:56,2008,Q2,2150100000,979800000,1170300000,0.5443002651,128800000,554500000,0,554500000,59600000,742900000,1722700000,0,30700000,102200000,511600000,0.2379424213,427400000,0.198781452,149000000,440600000,0.2049207014,149000000,291200000,0.1354355611,0.56,0.55,523100000,530400000,https://www.sec.gov/Archives/edgar/data/8670/000000867008000012/0000008670-08-000012-index.htm,https://www.sec.gov/Archives/edgar/data/8670/000000867008000012/decem0810q.htm,27545700000,5177600000,Industrials,Staffing & Employment Services,NASDAQ,1980-03-17
2008-03-31,ADP,USD,0000008670,2008-05-09,2008-05-09 14:46:07,2008,Q3,2427200000,1033500000,1393700000,0.5742007251,132000000,585300000,0,585300000,58900000,776200000,1809700000,223500000,7900000,90100000,527400000,0.2172874094,617500000,0.2544083718,18000000,635500000,0.2618243243,231900000,413600000,0.1704021094,0.8,0.79,519800000,523200000,https://www.sec.gov/Archives/edgar/data/8670/000000867008000043/0000008670-08-000043-index.htm,https://www.sec.gov/Archives/edgar/data/8670/000000867008000043/march08q.htm,32775500000,5498800000,Industrials,Staffing & Employment Services,NASDAQ,1980-03-17
2008-06-30,ADP,USD,0000008670,2008-08-29,2008-08-29 11:43:36,2008,Q4,2207200000,994100000,1213100000,0.5496103661,140800000,697000000,0,697000000,60600000,898400000,1892500000,0,12500000,86100000,400800000,0.1815875317,314700000,0.1425788329,39800000,354500000,0.1606107285,128500000,233500000,0.1057901414,0.46,0.45,507500000,513500000,https://www.sec.gov/Archives/edgar/data/8670/000120677408001519/0001206774-08-001519-index.htm,https://www.sec.gov/Archives/edgar/data/8670/000120677408001519/adp_10k.htm,23734400000,5087200000,Industrials,Staffing & Employment Services,NASDAQ,1980-03-17
2008-09-30,ADP,USD,0000008670,2008-11-07,2008-11-07 17:31:06,2009,Q1,2181500000,1046900000,1134600000,0.520100848,130400000,526700000,0,526700000,59400000,716500000,1763400000,197900000,19200000,91600000,326500000,0.1496676599,418100000,0.1916571167,23200000,441300000,0.2022920009,163300000,276900000,0.1269310108,0.55,0.54,507500000,513500000,https://www.sec.gov/Archives/edgar/data/8670/000000867008000073/0000008670-08-000073-index.htm,https://www.sec.gov/Archives/edgar/data/8670/000000867008000073/sept09q.htm,24176900000,4861300000,Industrials,Staffing & Employment Services,NASDAQ,1980-03-17
2008-12-31,ADP,USD,0000008670,2009-02-09,2009-02-09 11:28:25,2009,Q2,2203300000,1007100000,1196200000,0.5429129034,123100000,573100000,0,573100000,57300000,753500000,1760600000,190600000,8100000,59600000,383100000,0.1738755503,442700000,0.2009258839,30500000,473200000,0.214768756,172800000,300500000,0.1363863296,0.6,0.59,503400000,506100000,https://www.sec.gov/Archives/edgar/data/8670/000000867009000012/0000008670-09-000012-index.htm,https://www.sec.gov/Archives/edgar/data/8670/000000867009000012/dec0810q.htm,33361000000,4837700000,Industrials,Staffing & Employment Services,NASDAQ,1980-03-17
2009-03-31,ADP,USD,0000008670,2009-05-08,2009-05-08 17:28:46,2009,Q3,2374700000,1218600000,1156100000,0.486840443,0,520400000,0,520400000,0,520400000,1739000000,181200000,2500000,77600000,708200000,0.2982271445,635700000,0.2676969722,-7200000,629100000,0.2649176738,226600000,402500000,0.1694950941,0.8,0.8,501200000,502400000,https://www.sec.gov/Archives/edgar/data/8670/000000867009000025/0000008670-09-000025-index.htm,https://www.sec.gov/Archives/edgar/data/8670/000000867009000025/march09_10q.htm,29174400000,4992500000,Industrials,Staffing & Employment Services,NASDAQ,1980-03-17
2009-06-30,ADP,USD,0000008670,2009-08-28,2009-08-28 11:08:56,2009,Q4,2107700000,1196700000,911000000,0.4322246999,0,577400000,0,577400000,0,577400000,1774100000,-569900000,3500000,79300000,443800000,0.2105612753,333600000,0.1582767946,27400000,361000000,0.1712767472,13800000,352600000,0.1672913603,0.7,0.7,501400000,503700000,https://www.sec.gov/Archives/edgar/data/8670/000120677409001642/0001206774-09-001642-index.htm,https://www.sec.gov/Archives/edgar/data/8670/000120677409001642/adp_10k.htm,25351700000,5322600000,Industrials,Staffing & Employment Services,NASDAQ,1980-03-17
2009-09-30,ADP,USD,0000008670,2009-11-06,2009-11-06 17:04:43,2010,Q1,2102800000,1193300000,909500000,0.4325185467,0,492700000,0,492700000,0,492700000,1686000000,164200000,3200000,77600000,339200000,0.1613087312,416800000,0.1982119079,30500000,447300000,0.2127163782,163200000,284100000,0.1351055735,0.57,0.56,501400000,503700000,https://www.sec.gov/Archives/edgar/data/8670/000000867009000037/0000008670-09-000037-index.htm,https://www.sec.gov/Archives/edgar/data/8670/000000867009000037/sept10q.htm,24436100000,5654000000,Industrials,Staffing & Employment Services,NASDAQ,1980-03-17
2009-12-31,ADP,USD,0000008670,2010-02-09,2010-02-09 16:49:02,2010,Q2,2204400000,1231300000,973100000,0.4414353112,0,520100000,0,520100000,0,520100000,1751400000,158900000,2500000,77400000,375600000,0.1703864997,453000000,0.2054980947,27100000,480100000,0.2177916893,164300000,315800000,0.1432589367,0.63,0.62,502000000,506200000,https://www.sec.gov/Archives/edgar/data/8670/000000867010000005/0000008670-10-000005-index.htm,https://www.sec.gov/Archives/edgar/data/8670/000000867010000005/dec10qfy10new.htm,29598900000,5747900000,Industrials,Staffing & Employment Services,NASDAQ,1980-03-17
2010-03-31,ADP,USD,0000008670,2010-05-06,2010-05-06 16:13:23,2010,Q3,2443200000,1330700000,1112500000,0.4553454486,0,504900000,0,504900000,0,504900000,1835600000,158500000,1200000,77800000,529800000,0.2168467583,607600000,0.2486902423,25400000,633000000,0.259086444,231400000,403600000,0.1651931893,0.8,0.8,502400000,505500000,https://www.sec.gov/Archives/edgar/data/8670/000000867010000012/0000008670-10-000012-index.htm,https://www.sec.gov/Archives/edgar/data/8670/000000867010000012/march10q.htm,34986200000,5938300000,Industrials,Staffing & Employment Services,NASDAQ,1980-03-17
2010-06-30,ADP,USD,0000008670,2010-08-25,2010-08-25 15:19:46,2010,Q4,2190300000,1282300000,908000000,0.4145550838,0,611900000,0,611900000,0,611900000,1894200000,159900000,1800000,76400000,383700000,0.175181482,296100000,0.1351869607,9400000,305500000,0.1394786102,97900000,207900000,0.0949185043,0.42,0.42,491400000,494900000,https://www.sec.gov/Archives/edgar/data/8670/000120677410001881/0001206774-10-001881-index.htm,https://www.sec.gov/Archives/edgar/data/8670/000120677410001881/adp_10k.htm,26862200000,5478900000,Industrials,Staffing & Employment Services,NASDAQ,1980-03-17
2010-09-30,ADP,USD,0000008670,2010-11-04,2010-11-04 16:26:46,2011,Q1,2229400000,1311900000,917500000,0.4115457074,0,515600000,0,515600000,0,515600000,1827500000,126800000,2700000,75500000,499400000,0.2240064591,401900000,0.1802727191,34500000,436400000,0.1957477348,157900000,278500000,0.1249215035,0.57,0.56,491400000,494900000,https://www.sec.gov/Archives/edgar/data/8670/000000867010000026/0000008670-10-000026-index.htm,https://www.sec.gov/Archives/edgar/data/8670/000000867010000026/fy11sept10q.htm,30878900000,5756700000,Industrials,Staffing & Employment Services,NASDAQ,1980-03-17
2010-12-31,ADP,USD,0000008670,2011-02-09,2011-02-09 11:33:24,2011,Q2,2405700000,1380300000,1025400000,0.4262376855,0,570100000,0,570100000,0,570100000,1950400000,129000000,2800000,82700000,552000000,0.2294550443,455300000,0.1892588436,29300000,484600000,0.2014382508,174500000,310100000,0.1289021906,0.63,0.62,492000000,496900000,https://www.sec.gov/Archives/edgar/data/8670/000000867011000007/0000008670-11-000007-index.htm,https://www.sec.gov/Archives/edgar/data/8670/000000867011000007/decemberq2011.htm,32660300000,5775600000,Industrials,Staffing & Employment Services,NASDAQ,1980-03-17
2011-03-31,ADP,USD,0000008670,2011-05-06,2011-05-06 11:32:00,2011,Q3,2737300000,1520600000,1216700000,0.4444890951,0,577300000,0,577300000,0,577300000,2097900000,148600000,1400000,81000000,718900000,0.2626310598,639400000,0.233587842,13600000,653000000,0.2385562416,229200000,423800000,0.1548240967,0.85,0.85,496200000,501300000,https://www.sec.gov/Archives/edgar/data/8670/000000867011000010/0000008670-11-000010-index.htm,https://www.sec.gov/Archives/edgar/data/8670/000000867011000010/march2011q.htm,41596400000,6194500000,Industrials,Staffing & Employment Services,NASDAQ,1980-03-17
2011-06-30,ADP,USD,0000008670,2011-08-24,2011-08-24 13:00:20,2011,Q4,2371400000,1518700000,852700000,0.3595766214,0,660300000,0,660300000,0,660300000,2179000000,135700000,1700000,79000000,374600000,0.1579657586,192400000,0.0811335076,166300000,358700000,0.1512608586,116900000,241800000,0.1019650839,0.5,0.49,487900000,493300000,https://www.sec.gov/Archives/edgar/data/8670/000120677411001935/0001206774-11-001935-index.htm,https://www.sec.gov/Archives/edgar/data/8670/000120677411001935/adp_10k.htm,34238300000,6010400000,Industrials,Staffing & Employment Services,NASDAQ,1980-03-17
2011-09-30,ADP,USD,0000008670,2011-11-04,2011-11-04 12:01:04,2012,Q1,2400600000,1506100000,894500000,0.3726151795,0,589200000,0,589200000,0,589200000,2095300000,121900000,2100000,79700000,225600000,0.0939765059,305300000,0.1271765392,154000000,459300000,0.1913271682,156600000,302700000,0.1260934766,0.62,0.61,487900000,493300000,https://www.sec.gov/Archives/edgar/data/8670/000120677411002415/0001206774-11-002415-index.htm,https://www.sec.gov/Archives/edgar/data/8670/000120677411002415/adp_10q.htm,28020200000,6019200000,Industrials,Staffing & Employment Services,NASDAQ,1980-03-17
2011-12-31,ADP,USD,0000008670,2012-02-07,2012-02-07 16:10:28,2012,Q2,2465100000,1519900000,945200000,0.3834327208,0,577500000,0,577500000,0,577500000,2097400000,117900000,2100000,79200000,288500000,0.1170337917,367700000,0.1491623058,97600000,579700000,0.2351628737,204700000,375000000,0.1521236461,0.77,0.76,487012987,493421053,https://www.sec.gov/Archives/edgar/data/8670/000000867012000002/0000008670-12-000002-index.htm,https://www.sec.gov/Archives/edgar/data/8670/000000867012000002/december2011q.htm,32484400000,6182400000,Industrials,Staffing & Employment Services,NASDAQ,1980-03-17
2012-03-31,ADP,USD,0000008670,2012-05-04,2012-05-04 12:59:31,2012,Q3,2789800000,1624700000,1165100000,0.4176285038,0,622100000,0,622100000,0,622100000,2246800000,133300000,1200000,81100000,461900000,0.1655674242,543000000,0.1946376084,142600000,685600000,0.2457523837,233200000,452400000,0.1621621622,0.93,0.92,486451613,491739130,https://www.sec.gov/Archives/edgar/data/8670/000000867012000004/0000008670-12-000004-index.htm,https://www.sec.gov/Archives/edgar/data/8670/000000867012000004/march2010q.htm,39376100000,6456600000,Industrials,Staffing & Employment Services,NASDAQ,1980-03-17
2012-06-30,ADP,USD,0000008670,2012-08-20,2012-08-20 17:18:30,2012,Q4,2516300000,1589200000,927100000,0.3684377856,0,677400000,0,677400000,1300000,677400000,2266600000,140200000,2300000,83300000,419800000,0.1668322537,249700000,0.0992330008,464800000,397500000,0.1579700354,139100000,258400000,0.1026904582,0.53,0.53,485900000,490600000,https://www.sec.gov/Archives/edgar/data/8670/000120677412003634/0001206774-12-003634-index.htm,https://www.sec.gov/Archives/edgar/data/8670/000120677412003634/adp_10k.htm,30815500000,6114000000,Industrials,Staffing & Employment Services,NASDAQ,1980-03-17
2012-09-30,ADP,USD,0000008670,2012-11-02,2012-11-02 09:22:33,2013,Q1,2530700000,1586500000,944200000,0.3730983522,0,611400000,0,611400000,800000,611400000,2197900000,130600000,3100000,78300000,547000000,0.2161457304,332800000,0.1315051172,26000000,465600000,0.1839807168,163100000,305300000,0.1206385585,0.63,0.63,483500000,488400000,https://www.sec.gov/Archives/edgar/data/8670/000000867012000009/0000008670-12-000009-index.htm,https://www.sec.gov/Archives/edgar/data/8670/000000867012000009/adp-2012930x10q.htm,30144100000,6292700000,Industrials,Staffing & Employment Services,NASDAQ,1980-03-17
2012-12-31,ADP,USD,0000008670,2013-02-06,2013-02-06 12:41:25,2013,Q2,2646100000,1624300000,1021800000,0.3861532066,0,624700000,0,624700000,0,624700000,2249000000,123200000,3000000,77300000,609100000,0.2301878236,397100000,0.1500699142,30000000,528800000,0.1998412758,176800000,390900000,0.1477268433,0.81,0.8,482100000,486800000,https://www.sec.gov/Archives/edgar/data/8670/000000867013000003/0000008670-13-000003-index.htm,https://www.sec.gov/Archives/edgar/data/8670/000000867013000003/q2fy1310-q.htm,33330000000,6395300000,Industrials,Staffing & Employment Services,NASDAQ,1980-03-17
2013-03-31,ADP,USD,0000008670,2013-05-03,2013-05-03 12:02:06,2013,Q3,3002300000,1745900000,1256400000,0.418479166,0,654400000,0,654400000,0,654400000,2400300000,118000000,1200000,81100000,805300000,0.2682276921,602000000,0.2005129401,122800000,724800000,0.2414149152,242100000,482700000,0.1607767378,1.0,0.99,482700000,486500000,https://www.sec.gov/Archives/edgar/data/8670/000000867013000007/0000008670-13-000007-index.htm,https://www.sec.gov/Archives/edgar/data/8670/000000867013000007/q3fy1310-q.htm,40166300000,6561100000,Industrials,Staffing & Employment Services,NASDAQ,1980-03-17
2013-06-30,ADP,USD,0000008670,2013-08-19,2013-08-19 12:00:04,2013,Q4,2710000000,1692800000,1017200000,0.3753505535,0,730100000,0,730100000,0,730100000,2422900000,113700000,1800000,80300000,447200000,0.1650184502,287100000,0.1059409594,78000000,365100000,0.1347232472,138100000,227000000,0.0837638376,0.47,0.47,482500000,486700000,https://www.sec.gov/Archives/edgar/data/8670/000000867013000015/0000008670-13-000015-index.htm,https://www.sec.gov/Archives/edgar/data/8670/000000867013000015/q4fy1310-k.htm,32268100000,6189900000,Industrials,Staffing & Employment Services,NASDAQ,1980-03-17
2013-09-30,ADP,USD,0000008670,2013-11-01,2013-11-01 13:32:42,2014,Q1,2750400000,1724400000,1026000000,0.3730366492,0,638600000,0,638600000,0,638600000,2363000000,89200000,1900000,80500000,469500000,0.1707024433,387400000,0.1408522397,113800000,497300000,0.180810064,168700000,328600000,0.1194735311,0.68,0.68,480100000,484300000,https://www.sec.gov/Archives/edgar/data/8670/000000867013000019/0000008670-13-000019-index.htm,https://www.sec.gov/Archives/edgar/data/8670/000000867013000019/q1fy1410-q.htm,29481300000,6192800000,Industrials,Staffing & Employment Services,NASDAQ,1980-03-17
2013-12-31,ADP,USD,0000008670,2014-02-05,2014-02-05 14:38:57,2014,Q2,2893600000,1772400000,1121200000,0.3874758087,0,675600000,0,675600000,0,675600000,2448000000,105900000,2000000,83900000,531000000,0.1835084324,445600000,0.1539950235,124800000,561100000,0.1939106995,184100000,377000000,0.1302875311,0.79,0.78,478400000,482800000,https://www.sec.gov/Archives/edgar/data/8670/000000867014000003/0000008670-14-000003-index.htm,https://www.sec.gov/Archives/edgar/data/8670/000000867014000003/q2fy1410-q.htm,38321800000,6258500000,Industrials,Staffing & Employment Services,NASDAQ,1980-03-17
2014-03-31,ADP,USD,0000008670,2014-05-01,2014-05-01 16:01:05,2014,Q3,3219900000,1884400000,1335500000,0.4147644337,0,673200000,0,673200000,100000,673200000,2557600000,106800000,900000,82700000,726600000,0.225659182,662300000,0.2056896177,115700000,769800000,0.2390757477,259400000,521600000,0.1619926085,1.09,1.08,478900000,483000000,https://www.sec.gov/Archives/edgar/data/8670/000000867014000006/0000008670-14-000006-index.htm,https://www.sec.gov/Archives/edgar/data/8670/000000867014000006/q3fy1410-q.htm,36596500000,6616100000,Industrials,Staffing & Employment Services,NASDAQ,1980-03-17
2014-06-30,ADP,USD,0000008670,2014-08-08,2014-08-08 13:50:03,2014,Q4,2978600000,1845600000,1133000000,0.3803800443,0,776400000,0,776400000,100000,776400000,2622100000,108900000,1300000,89100000,267400000,0.0897737192,356500000,0.1196871013,92800000,449300000,0.1508426778,160600000,288700000,0.0969247297,0.6,0.6,478500000,482700000,https://www.sec.gov/Archives/edgar/data/8670/000000867014000015/0000008670-14-000015-index.htm,https://www.sec.gov/Archives/edgar/data/8670/000000867014000015/q4fy1410k.htm,32051700000,6670200000,Industrials,Staffing & Employment Services,NASDAQ,1980-03-17
2014-09-30,ADP,USD,0000008670,2014-10-30,2014-10-30 15:46:14,2015,Q1,2483500000,1561900000,921600000,0.3710891886,0,578000000,0,578000000,0,578000000,2139900000,108600000,1900000,68300000,520000000,0.2093819207,343600000,0.1383531307,20700000,452500000,0.1822025367,154500000,295200000,0.1188645057,0.62,0.61,478400000,481700000,https://www.sec.gov/Archives/edgar/data/8670/000000867014000020/0000008670-14-000020-index.htm,https://www.sec.gov/Archives/edgar/data/8670/000000867014000020/q1fy1510q.htm,30208100000,5827300000,Industrials,Staffing & Employment Services,NASDAQ,1980-03-17
2014-12-31,ADP,USD,0000008670,2015-02-05,2015-02-05 14:03:33,2015,Q2,2570300000,1587000000,983300000,0.3825623468,0,590200000,0,590200000,0,590200000,2177200000,109300000,2200000,69700000,570400000,0.2219196203,393100000,0.1529393456,108000000,501100000,0.194957787,167100000,331500000,0.1289732716,0.7,0.69,476600000,480300000,https://www.sec.gov/Archives/edgar/data/8670/000000867015000004/0000008670-15-000004-index.htm,https://www.sec.gov/Archives/edgar/data/8670/000000867015000004/q2fy1510q.htm,43503100000,5492200000,Industrials,Staffing & Employment Services,NASDAQ,1980-03-17
2015-03-31,ADP,USD,0000008670,2015-05-06,2015-05-06 13:46:49,2015,Q3,2930300000,1688000000,1242300000,0.4239497662,0,608200000,0,608200000,0,608200000,2296200000,108600000,800000,70400000,810700000,0.2766610927,634100000,0.2163942258,108500000,742600000,0.2534211514,250600000,489600000,0.1670818688,1.04,1.03,470300000,474000000,https://www.sec.gov/Archives/edgar/data/8670/000000867015000012/0000008670-15-000012-index.htm,https://www.sec.gov/Archives/edgar/data/8670/000000867015000012/q3fy1510q.htm,37107300000,5178100000,Industrials,Staffing & Employment Services,NASDAQ,1980-03-17
2015-06-30,ADP,USD,0000008670,2015-08-07,2015-08-07 14:22:14,2015,Q4,2599100000,1601800000,997300000,0.3837097457,0,720500000,0,720500000,0,720500000,2327000000,108400000,1500000,69500000,202600000,0.0779500596,272100000,0.104690085,21100000,381600000,0.1468200531,124600000,336200000,0.1293524682,0.72,0.72,465100000,468800000,https://www.sec.gov/Archives/edgar/data/8670/000000867015000021/0000008670-15-000021-index.htm,https://www.sec.gov/Archives/edgar/data/8670/000000867015000021/q4fy1510k.htm,33110500000,4808500000,Industrials,Staffing & Employment Services,NASDAQ,1980-03-17
2015-09-30,ADP,USD,0000008670,2015-11-05,2015-11-05 12:03:30,2016,Q1,2626200000,1646500000,979700000,0.3730485112,0,605300000,0,605300000,0,605300000,2251800000,106400000,4900000,68800000,578700000,0.2203564085,374400000,0.1425633996,42800000,505000000,0.192293047,167500000,336600000,0.1281699794,0.73,0.72,462400000,465700000,https://www.sec.gov/Archives/edgar/data/8670/000000867015000026/0000008670-15-000026-index.htm,https://www.sec.gov/Archives/edgar/data/8670/000000867015000026/q1fy1610q.htm,34380300000,4630200000,Industrials,Staffing & Employment Services,NASDAQ,1980-03-17
2015-12-31,ADP,USD,0000008670,2016-02-03,2016-02-03 12:28:57,2016,Q2,2717700000,1682500000,1035200000,0.3809103286,0,627200000,0,627200000,0,627200000,2309700000,106600000,16800000,72600000,597300000,0.2197814328,408000000,0.1501269456,10600000,507900000,0.1868859698,166500000,341400000,0.1256209295,0.75,0.74,457600000,460300000,https://www.sec.gov/Archives/edgar/data/8670/000000867016000030/0000008670-16-000030-index.htm,https://www.sec.gov/Archives/edgar/data/8670/000000867016000030/q2fy1610q.htm,39899500000,4206200000,Industrials,Staffing & Employment Services,NASDAQ,1980-03-17
2016-03-31,ADP,USD,0000008670,2016-05-05,2016-05-05 11:51:57,2016,Q3,3145800000,1812700000,1333100000,0.4237713777,0,634400000,0,634400000,0,634400000,2447100000,112500000,16300000,73300000,884400000,0.2811367538,698700000,0.2221056647,-6700000,794800000,0.2526543328,262300000,532500000,0.1692733168,1.17,1.17,454400000,456900000,https://www.sec.gov/Archives/edgar/data/8670/000000867016000034/0000008670-16-000034-index.htm,https://www.sec.gov/Archives/edgar/data/8670/000000867016000034/q3fy1610q.htm,51125600000,4503200000,Industrials,Staffing & Employment Services,NASDAQ,1980-03-17
2016-06-30,ADP,USD,0000008670,2016-08-05,2016-08-05 15:09:42,2016,Q4,2800900000,1698500000,1102400000,0.3935877754,0,770300000,0,770300000,0,770300000,2468800000,114100000,18100000,73900000,519000000,0.1852975829,332100000,0.1185690314,-2400000,427000000,0.1524509979,145000000,282000000,0.1006819237,0.62,0.62,453400000,456100000,https://www.sec.gov/Archives/edgar/data/8670/000000867016000053/0000008670-16-000053-index.htm,https://www.sec.gov/Archives/edgar/data/8670/000000867016000053/q4fy1610kinq4fy16.htm,43670000000,4481600000,Industrials,Staffing & Employment Services,NASDAQ,1980-03-17
2016-09-30,ADP,USD,0000008670,2016-11-03,2016-11-03 15:42:56,2017,Q1,2916900000,1609100000,1307800000,0.4483527032,154900000,0,0,587400000,0,742300000,2351400000,22900000,19900000,77600000,626200000,0.2146799685,565500000,0.1938702047,-36799999,528700000,0.1812540711,160000000,368700000,0.1264013165,0.8152,0.8098,452300000,455300000,https://www.sec.gov/Archives/edgar/data/8670/000000867016000059/0000008670-16-000059-index.htm,https://www.sec.gov/Archives/edgar/data/8670/000000867016000059/q1fy1710-q.htm,34337400000,4250100000,Industrials,Staffing & Employment Services,NASDAQ,1980-03-17
2016-12-31,ADP,USD,0000008670,2017-02-01,2017-02-01 16:20:28,2017,Q2,2987300000,1638800000,1348500000,0.4514109731,152500000,0,0,616100000,0,768600000,2407400000,21300000,20500000,78400000,885100000,0.2962876176,579900000,0.1941217822,206300000,786200000,0.2631807987,275300000,510900000,0.1710240016,1.1407,1.1346,447900000,450300000,https://www.sec.gov/Archives/edgar/data/8670/000000867017000003/0000008670-17-000003-index.htm,https://www.sec.gov/Archives/edgar/data/8670/000000867017000003/q2fy1710-q.htm,39999400000,3815100000,Industrials,Staffing & Employment Services,NASDAQ,1980-03-17
2017-03-31,ADP,USD,0000008670,2017-05-04,2017-05-04 14:35:22,2017,Q3,3410800000,1779100000,1631700000,0.4783921661,153300000,0,0,643000000,0,796300000,2575400000,10100000,16800000,77600000,922300000,0.2704057699,835400000,0.2449278762,-7500000,827900000,0.2427289785,240000000,587900000,0.1723642547,1.32,1.31,446500000,449200000,https://www.sec.gov/Archives/edgar/data/8670/000000867017000005/0000008670-17-000005-index.htm,https://www.sec.gov/Archives/edgar/data/8670/000000867017000005/q3fy1710-q.htm,43855900000,4103100000,Industrials,Staffing & Employment Services,NASDAQ,1980-03-17
2017-06-30,ADP,USD,0000008670,2017-08-04,2017-08-04 16:22:32,2017,Q4,3064800000,1705000000,1359800000,0.4436831115,166900000,0,0,755000000,0,921900000,2626900000,22300000,22900000,82500000,493800000,0.1611198121,437900000,0.142880449,-49500000,388400000,0.1267293135,122600000,265800000,0.0867267032,0.6,0.59,444300000,447100000,https://www.sec.gov/Archives/edgar/data/8670/000000867017000010/0000008670-17-000010-index.htm,https://www.sec.gov/Archives/edgar/data/8670/000000867017000010/q4fy1710k.htm,37180000000,3977000000,Industrials,Staffing & Employment Services,NASDAQ,1980-03-17
2017-09-30,ADP,USD,0000008670,2017-11-02,2017-11-02 16:57:30,2018,Q1,3077200000,1717900000,1359300000,0.4417327441,158200000,0,0,647500000,0,805700000,2523600000,25800000,28000000,87200000,680100000,0.2210126089,553600000,0.1799038087,11300000,548200000,0.1781489666,146700000,401500000,0.1304757572,0.93,0.93,442200000,445000000,https://www.sec.gov/Archives/edgar/data/8670/000000867017000012/0000008670-17-000012-index.htm,https://www.sec.gov/Archives/edgar/data/8670/000000867017000012/q1fy1810q.htm,35661100000,3953400000,Industrials,Staffing & Employment Services,NASDAQ,1980-03-17
2017-12-31,ADP,USD,0000008670,2018-02-01,2018-02-01 16:21:30,2018,Q2,3238300000,1804000000,1434300000,0.4429175802,159400000,0,0,700400000,0,859800000,2663800000,22700000,27500000,94800000,709800000,0.2191890807,574500000,0.1774078992,13000000,565700000,0.174690424,98200000,467500000,0.144365871,1.52,1.51,441300000,443700000,https://www.sec.gov/Archives/edgar/data/8670/000000867018000003/0000008670-18-000003-index.htm,https://www.sec.gov/Archives/edgar/data/8670/000000867018000003/q2fy1810q.htm,44545500000,3931200000,Industrials,Staffing & Employment Services,NASDAQ,1980-03-17
2018-03-31,ADP,USD,0000008670,2018-05-04,2018-05-04 10:30:40,2018,Q3,3696000000,1941500000,1754500000,0.474702381,163900000,0,0,712200000,0,876100000,2817600000,11000000,18600000,96300000,990100000,0.2678841991,878400000,0.2376623377,-3200000,852600000,0.2306818182,209500000,643100000,0.1739989177,1.5,1.49,441000000,443400000,https://www.sec.gov/Archives/edgar/data/8670/000000867018000007/0000008670-18-000007-index.htm,https://www.sec.gov/Archives/edgar/data/8670/000000867018000007/q3fy1810q.htm,44065500000,4029200000,Industrials,Staffing & Employment Services,NASDAQ,1980-03-17
2018-06-30,ADP,USD,0000008670,2018-08-03,2018-08-03 16:50:24,2018,Q4,3316200000,1815300000,1500900000,0.4525963452,153900000,0,0,771900000,0,925800000,2741100000,24100000,28600000,99300000,382800000,0.1154333273,575100000,0.1734213859,-320200000,204500000,0.0616669682,95800000,108700000,0.0327784814,0.3217,0.32,438000000,440900000,https://www.sec.gov/Archives/edgar/data/8670/000000867018000011/0000008670-18-000011-index.htm,https://www.sec.gov/Archives/edgar/data/8670/000000867018000011/q4fy1810k.htm,38849100000,3459600000,Industrials,Staffing & Employment Services,NASDAQ,1980-03-17
2018-09-30,ADP,USD,0000008670,2018-11-01,2018-11-01 16:53:24,2019,Q1,3310300000,1796000000,1514300000,0.4574509863,158000000,0,0,687500000,0,845500000,2641500000,28500000,35900000,99000000,781700000,0.2361417394,668800000,0.2020360692,-22000000,646800000,0.1953901459,141400000,505400000,0.1526749841,1.157,1.1489,436800000,439900000,https://www.sec.gov/Archives/edgar/data/8670/000000867018000017/0000008670-18-000017-index.htm,https://www.sec.gov/Archives/edgar/data/8670/000000867018000017/q1fy1910q.htm,37416700000,4678800000,Industrials,Staffing & Employment Services,NASDAQ,1980-03-17
2018-12-31,ADP,USD,0000008670,2019-01-31,2019-01-31 14:32:17,2019,Q2,3492400000,1869900000,1622500000,0.4645802314,156100000,0,0,716100000,0,872200000,2742100000,28100000,38600000,97500000,877100000,0.2511453442,750300000,0.2148379338,-9300000,741000000,0.2121750086,182800000,558200000,0.1598327798,1.2812,1.2744,435700000,438000000,https://www.sec.gov/Archives/edgar/data/8670/000000867019000005/0000008670-19-000005-index.htm,https://www.sec.gov/Archives/edgar/data/8670/000000867019000005/q2fy1910q.htm,38806300000,4763900000,Industrials,Staffing & Employment Services,NASDAQ,1980-03-17
2019-03-31,ADP,USD,0000008670,2019-05-03,2019-05-03 11:48:54,2019,Q3,3828200000,1958400000,1869800000,0.4884279818,160100000,0,0,724500000,0,884600000,2843000000,15000000,21700000,103100000,1109300000,0.2897706494,985200000,0.2573533253,-700000,984500000,0.2571704718,230800000,753700000,0.1968810407,1.7362,1.7263,434100000,436600000,https://www.sec.gov/Archives/edgar/data/8670/000000867019000013/0000008670-19-000013-index.htm,https://www.sec.gov/Archives/edgar/data/8670/000000867019000013/q3fy1910q.htm,48196300000,5246200000,Industrials,Staffing & Employment Services,NASDAQ,1980-03-17
2019-06-30,ADP,USD,0000008670,2019-08-09,2019-08-09 16:04:22,2019,Q4,3498700000,1884900000,1613800000,0.4612570383,162100000,0,0,831400000,0,993500000,2878400000,26000000,33700000,109400000,776400000,0.2219109955,620300000,0.1772944236,13000000,633300000,0.1810100895,157800000,475500000,0.1359076228,1.1,1.09,433500000,436200000,https://www.sec.gov/Archives/edgar/data/8670/000000867019000021/0000008670-19-000021-index.htm,https://www.sec.gov/Archives/edgar/data/8670/000000867019000021/q4fy1910k.htm,41887700000,5399900000,Industrials,Staffing & Employment Services,NASDAQ,1980-03-17
2019-09-30,ADP,USD,0000008670,2019-11-04,2019-11-04 15:17:10,2020,Q1,3495700000,1905000000,1590700000,0.4550447693,168200000,0,0,698100000,0,866300000,2771300000,32299999,39900000,117300000,896300000,0.2564007209,724400000,0.2072260205,14700000,739100000,0.2114311869,156700000,582400000,0.1666046858,1.346,1.3376,432700000,435400000,https://www.sec.gov/Archives/edgar/data/8670/000000867019000027/0000008670-19-000027-index.htm,https://www.sec.gov/Archives/edgar/data/8670/000000867019000027/q1fy2010q.htm,37714700000,5360700000,Industrials,Staffing & Employment Services,NASDAQ,1980-03-17
2019-12-31,ADP,USD,0000008670,2020-01-31,2020-01-31 14:47:28,2020,Q2,3669500000,1953600000,1715900000,0.4676113912,168700000,0,0,728400000,0,897100000,2850700000,25700000,31600000,117600000,984700000,0.2683471863,818800000,0.2231366671,16700000,835500000,0.2276876959,183900000,651600000,0.1775718763,1.5101,1.5038,431500000,433300000,https://www.sec.gov/Archives/edgar/data/8670/000000867020000007/0000008670-20-000007-index.htm,https://www.sec.gov/Archives/edgar/data/8670/000000867020000007/q2fy2010q.htm,49059400000,5364400000,Industrials,Staffing & Employment Services,NASDAQ,1980-03-17
2020-03-31,ADP,USD,0000008670,2020-05-01,2020-05-01 15:49:44,2020,Q3,4047800000,2094699999,1953100000,0.4825090172,172100000,0,0,728900000,0,901000000,2995700000,12100000,20000000,120600000,1217300000,0.3007312614,1052099999,0.2599189681,24600000,1076700000,0.2659963437,255800000,820900000,0.2028015218,1.9091,1.9011,430000000,431800000,https://www.sec.gov/Archives/edgar/data/8670/000000867020000020/0000008670-20-000020-index.htm,https://www.sec.gov/Archives/edgar/data/8670/000000867020000020/adp-20200331.htm,43383400000,5490700000,Industrials,Staffing & Employment Services,NASDAQ,1980-03-17
2020-06-30,ADP,USD,0000008670,2020-08-05,2020-08-05 17:28:42,2020,Q4,3376800000,1930900000,1445900000,0.4281864487,165100000,0,0,736800000,0,901900000,2832800000,14500000,15600000,124500000,671400000,0.1988272921,544000000,0.1610992656,-12700000,531300000,0.1573383085,119800000,411500000,0.1218609334,0.959,0.9556,429100000,430600000,https://www.sec.gov/Archives/edgar/data/8670/000000867020000032/0000008670-20-000032-index.htm,https://www.sec.gov/Archives/edgar/data/8670/000000867020000032/adp-20200630.htm,39165500000,5752200000,Industrials,Staffing & Employment Services,NASDAQ,1980-03-17
2020-09-30,ADP,USD,0000008670,2020-10-30,2020-10-30 12:09:46,2021,Q1,3470700000,1893200000,1577500000,0.4545192612,168700000,0,0,653400000,0,822100000,2715300000,13800000,15100000,131100000,911400000,0.2625983231,755400000,0.217650618,9800000,765200000,0.2204742559,163100000,602100000,0.173480854,1.4048,1.4002,428600000,430000000,https://www.sec.gov/Archives/edgar/data/8670/000000867020000038/0000008670-20-000038-index.htm,https://www.sec.gov/Archives/edgar/data/8670/000000867020000038/adp-20200930.htm,42390100000,5808900000,Industrials,Staffing & Employment Services,NASDAQ,1980-03-17
2020-12-31,ADP,USD,0000008670,2021-02-01,2021-02-01 15:25:31,2021,Q2,3695700000,1974500000,1721200000,0.4657304435,174500000,0,0,729200000,0,903700000,2878200000,10400000,13900000,126700000,973200000,0.2633330627,817500000,0.2212030197,15100000,832600000,0.2252888492,185100000,647500000,0.175203615,1.515,1.5093,427400000,429000000,https://www.sec.gov/Archives/edgar/data/8670/000000867021000007/0000008670-21-000007-index.htm,https://www.sec.gov/Archives/edgar/data/8670/000000867021000007/adp-20201231.htm,49325900000,5900000000,Industrials,Staffing & Employment Services,NASDAQ,1980-03-17
2021-03-31,ADP,USD,0000008670,2021-04-30,2021-04-30 12:22:42,2021,Q3,4102000000,2126400000,1975600000,0.4816187226,178600000,0,0,736100000,0,914700000,3041100000,4700000,13500000,126900000,1206600000,0.2941491955,1060900000,0.2586299366,5299999,1066200000,0.2599219893,255500000,810700000,0.1976352999,1.904,1.8955,425800000,427700000,https://www.sec.gov/Archives/edgar/data/8670/000000867021000014/0000008670-21-000014-index.htm,https://www.sec.gov/Archives/edgar/data/8670/000000867021000014/adp-20210331.htm,54407700000,5673900000,Industrials,Staffing & Employment Services,NASDAQ,1980-03-17
2021-06-30,ADP,USD,0000008670,2021-08-04,2021-08-04 14:06:37,2021,Q4,3736900000,2037100000,1699800000,0.4548690091,194900000,0,0,814200000,0,1009100000,3046200000,7500000,17200000,126000000,840300000,0.2248655303,690700000,0.1848323477,6400000,697100000,0.1865449972,158900000,538200000,0.1440231208,1.2708,1.2637,423500000,425900000,https://www.sec.gov/Archives/edgar/data/8670/000000867021000027/0000008670-21-000027-index.htm,https://www.sec.gov/Archives/edgar/data/8670/000000867021000027/adp-20210630.htm,48772500000,5670100000,Industrials,Staffing & Employment Services,NASDAQ,1980-03-17
2021-09-30,ADP,USD,0000008670,2021-10-29,2021-10-29 11:51:44,2022,Q1,3832300000,2059900000,1772400000,0.4624898886,188800000,0,0,693100000,0,881900000,2941800000,9700000,18500000,129100000,1048400000,0.273569397,890500000,0.2323669859,10300000,900800000,0.2350546669,200300000,700500000,0.1827884038,1.6623,1.6529,421400000,423800000,https://www.sec.gov/Archives/edgar/data/8670/000000867021000035/0000008670-21-000035-index.htm,https://www.sec.gov/Archives/edgar/data/8670/000000867021000035/adp-20210930.htm,59987200000,5350700000,Industrials,Staffing & Employment Services,NASDAQ,1980-03-17
2021-12-31,ADP,USD,0000008670,2022-01-31,2022-01-31 15:19:08,2022,Q2,4025400000,2167200000,1858200000,0.4616187211,199700000,0,0,756600000,0,956300000,3123500000,8500000,18400000,126500000,1055000000,0.2620857555,901900000,0.2240522681,8200000,910100000,0.2260893327,215700000,694400000,0.1725045958,1.6541,1.6455,419800000,422000000,https://www.sec.gov/Archives/edgar/data/8670/000000867022000014/0000008670-22-000014-index.htm,https://www.sec.gov/Archives/edgar/data/8670/000000867022000014/adp-20211231.htm,59102600000,5049600000,Industrials,Staffing & Employment Services,NASDAQ,1980-03-17
2022-03-31,ADP,USD,0000008670,2022-04-29,2022-04-29 11:43:53,2022,Q3,4513000000,2341500000,2171500000,0.4811655218,197300000,0,0,790900000,0,988200000,3329700000,5600000,17300000,129000000,1336200000,0.2960779969,1183300000,0.2621980944,6600000,1189900000,0.2636605362,261400000,928500000,0.2057389763,2.2208,2.2097,418100000,420200000,https://www.sec.gov/Archives/edgar/data/8670/000000867022000023/0000008670-22-000023-index.htm,https://www.sec.gov/Archives/edgar/data/8670/000000867022000023/adp-20220331.htm,72068100000,4192900000,Industrials,Staffing & Employment Services,NASDAQ,1980-03-17
2022-06-30,ADP,USD,0000008670,2022-08-03,2022-08-03 14:16:38,2022,Q4,4127600000,2199100000,1928500000,0.4672206609,212800000,0,0,888200000,0,1101000000,3300100000,17100000,27700000,130500000,961500000,0.2329440837,827500000,0.2004796976,-24200000,803300000,0.1946167264,177900000,625400000,0.1515166198,1.5037,1.4955,415900000,418200000,https://www.sec.gov/Archives/edgar/data/8670/000000867022000038/0000008670-22-000038-index.htm,https://www.sec.gov/Archives/edgar/data/8670/000000867022000038/adp-20220630.htm,63068200000,3225300000,Industrials,Staffing & Employment Services,NASDAQ,1980-03-17
2022-09-30,ADP,USD,0000008670,2022-11-02,2022-11-02 11:53:10,2023,Q1,4215600000,2209500000,2006100000,0.4758753202,209800000,0,0,774600000,0,984400000,3193900000,29700000,52300000,135100000,1197400000,0.2840402315,1021700000,0.2423617041,-11700000,1010000000,0.2395862985,231000000,779000000,0.1847898283,1.8789,1.8686,414600000,416900000,https://www.sec.gov/Archives/edgar/data/8670/000000867022000046/0000008670-22-000046-index.htm,https://www.sec.gov/Archives/edgar/data/8670/000000867022000046/adp-20220930.htm,46364700000,2576500000,Industrials,Staffing & Employment Services,NASDAQ,1980-03-17
2022-12-31,ADP,USD,0000008670,2023-02-02,2023-02-02 14:37:14,2023,Q2,4391000000,2271300000,2119699999,0.4827374172,204200000,0,0,830900000,0,1035099999,3306400000,28900000,55900000,136800000,1250800000,0.284855386,1084600000,0.247005238,-26500000,1058100000,0.2409701662,245000000,813100000,0.18517422,1.9626,1.9536,414300000,416200000,https://www.sec.gov/Archives/edgar/data/8670/000000867023000008/0000008670-23-000008-index.htm,https://www.sec.gov/Archives/edgar/data/8670/000000867023000008/adp-20221231.htm,54453000000,2986700000,Industrials,Staffing & Employment Services,NASDAQ,1980-03-17
2023-03-31,ADP,USD,0000008670,2023-05-01,2023-05-01 12:35:43,2023,Q3,4927800000,2436800000,2491000000,0.5054994115,208600000,0,0,916400000,0,1125000000,3561800000,24100000,37200000,137000000,1538200000,0.3121474086,1366000000,0.2772028086,-2000000,1364000000,0.2767969479,320900000,1043100000,0.2116766103,2.5214,2.5105,413700000,415500000,https://www.sec.gov/Archives/edgar/data/8670/000000867023000017/0000008670-23-000017-index.htm,https://www.sec.gov/Archives/edgar/data/8670/000000867023000017/adp-20230331.htm,59881800000,3693800000,Industrials,Staffing & Employment Services,NASDAQ,1980-03-17
2023-06-30,ADP,USD,0000008670,2023-08-03,2023-08-03 16:49:01,2023,Q4,4477800000,2289100000,2188700000,0.4887891375,222300000,0,0,928600000,0,1150900000,3440000000,66700000,108000000,140400000,1253900000,0.2800259056,1037800000,0.2317655992,-32300000,1005600000,0.2245745679,228900000,776700000,0.1734557149,1.8834,1.8747,412400000,414300000,https://www.sec.gov/Archives/edgar/data/8670/000000867023000030/0000008670-23-000030-index.htm,https://www.sec.gov/Archives/edgar/data/8670/000000867023000030/adp-20230630.htm,50971000000,3509100000,Industrials,Staffing & Employment Services,NASDAQ,1980-03-17
2023-09-30,ADP,USD,0000008670,2023-11-02,2023-11-02 12:51:01,2024,Q1,4512400000,2299100000,2213300000,0.4904928641,236500000,0,0,860100000,0,1096600000,3395700000,46500000,92700000,141500000,1327000000,0.2940785391,1116700000,0.2474736282,-23900000,1092800000,0.242177112,233400000,859400000,0.190452974,2.0874,2.0779,411700000,413600000,https://www.sec.gov/Archives/edgar/data/8670/000000867023000040/0000008670-23-000040-index.htm,https://www.sec.gov/Archives/edgar/data/8670/000000867023000040/adp-20230930.htm,49323600000,3472800000,Industrials,Staffing & Employment Services,NASDAQ,1980-03-17
2023-12-31,ADP,USD,0000008670,2024-02-01,2024-02-01 15:48:23,2024,Q2,4668000000,2353400000,2314600000,0.4958440446,228700000,0,0,902000000,0,1130700000,3484100000,56900000,106000000,140100000,1389900000,0.2977506427,1183900000,0.2536203942,-40100000,1143800000,0.2450299914,265400000,878400000,0.1881748072,2.1367,2.1294,411100000,412500000,https://www.sec.gov/Archives/edgar/data/8670/000000867024000007/0000008670-24-000007-index.htm,https://www.sec.gov/Archives/edgar/data/8670/000000867024000007/adp-20231231.htm,57069400000,4319600000,Industrials,Staffing & Employment Services,NASDAQ,1980-03-17
2024-03-31,ADP,USD,0000008670,2024-05-02,2024-05-02 12:41:00,2024,Q3,5253800000,2551100000,2702700000,0.5144276524,242700000,0,0,915300000,0,1158000000,3709100000,55900000,61600000,144600000,1752500000,0.3335680841,1544700000,0.29401576,1600000,1546300000,0.2943203015,361400000,1184900000,0.2255319959,2.8865,2.8753,410500000,412100000,https://www.sec.gov/Archives/edgar/data/8670/000000867024000014/0000008670-24-000014-index.htm,https://www.sec.gov/Archives/edgar/data/8670/000000867024000014/adp-20240331.htm,64181600000,4626700000,Industrials,Staffing & Employment Services,NASDAQ,1980-03-17
2024-06-30,ADP,USD,0000008670,2024-08-07,2024-08-07 15:06:59,2024,Q4,4768500000,2408300000,2360200000,0.4949564853,247900000,0,0,1014700000,0,1262600000,3670900000,82100000,103200000,135700000,1328300000,0.2785571983,1097600000,0.2301772046,-8200000,1089400000,0.2284575862,260100000,829300000,0.1739121317,2.0281,2.0197,408900000,410600000,https://www.sec.gov/Archives/edgar/data/8670/000000867024000024/0000008670-24-000024-index.htm,https://www.sec.gov/Archives/edgar/data/8670/000000867024000024/adp-20240630.htm,54362700000,4547600000,Industrials,Staffing & Employment Services,NASDAQ,1980-03-17
2024-09-30,ADP,USD,0000008670,2024-11-01,2024-11-01 13:08:12,2025,Q1,4832700000,2424400000,2408300000,0.4983342645,232600000,0,0,903700000,0,1136300000,3560700000,91700000,136700000,138600000,1511500000,0.3127651209,1272000000,0.263206903,-35800000,1236200000,0.2557990357,279900000,956300000,0.1978811017,2.34,2.34,407900000,409500000,https://www.sec.gov/Archives/edgar/data/8670/000000867024000030/0000008670-24-000030-index.htm,https://www.sec.gov/Archives/edgar/data/8670/000000867024000030/adp-20240930.htm,49511400000,5348600000,Industrials,Staffing & Employment Services,NASDAQ,1980-03-17
2024-12-31,ADP,USD,0000008670,2025-01-30,2025-01-30 14:40:43,2025,Q2,5048400000,2527200000,2521200000,0.4994057523,239500000,0,0,981900000,0,1221400000,3748600000,83900000,128199999,151100000,1540600000,0.3051659932,1299800000,0.2574677125,-38500000,1261300000,0.249841534,298100000,963200000,0.1907931226,2.36,2.36,407600000,409000000,https://www.sec.gov/Archives/edgar/data/8670/000000867025000007/0000008670-25-000007-index.htm,https://www.sec.gov/Archives/edgar/data/8670/000000867025000007/adp-20241231.htm,64096700000,5078100000,Industrials,Staffing & Employment Services,NASDAQ,1980-03-17
2025-03-31,ADP,USD,0000008670,2025-05-01,2025-05-01 14:47:20,2025,Q3,5553000000,2681700000,2871300000,0.5170718531,247100000,0,0,991200000,0,1238300000,3920000000,55900000,73400000,147000000,1842300000,0.3317666126,1633000000,0.2940752746,-11100000,1621900000,0.2920763551,372400000,1249500000,0.2250135062,3.07,3.06,406900000,408500000,https://www.sec.gov/Archives/edgar/data/8670/000000867025000015/0000008670-25-000015-index.htm,https://www.sec.gov/Archives/edgar/data/8670/000000867025000015/adp-20250331.htm,56448600000,5855300000,Industrials,Staffing & Employment Services,NASDAQ,1980-03-17
2025-06-30,ADP,USD,0000008670,2025-08-06,2025-08-06 16:07:50,2025,Q4,5126800000,2547700000,2579100000,0.5030623391,269300000,0,0,1103100000,0,1372400000,3920100000,88000000,113700000,121500000,1420600000,0.2770929235,1206700000,0.2353709917,-16100000,1190600000,0.2322306312,280000000,910600000,0.1776156667,2.24,2.23,406000000,407700000,https://www.sec.gov/Archives/edgar/data/8670/000000867025000037/0000008670-25-000037-index.htm,https://www.sec.gov/Archives/edgar/data/8670/000000867025000037/adp-20250630.htm,53369300000,6188000000,Industrials,Staffing & Employment Services,NASDAQ,1980-03-17
